{
 "cells": [
  {
   "cell_type": "markdown",
   "id": "5f630517",
   "metadata": {},
   "source": [
    "### Importing Libraries"
   ]
  },
  {
   "cell_type": "code",
   "execution_count": 1,
   "id": "da94ffea",
   "metadata": {},
   "outputs": [],
   "source": [
    "import numpy as np\n",
    "import pandas as pd\n",
    "import matplotlib.pyplot as plt"
   ]
  },
  {
   "cell_type": "markdown",
   "id": "68a65f7b",
   "metadata": {},
   "source": [
    "### Importing Data"
   ]
  },
  {
   "cell_type": "code",
   "execution_count": 2,
   "id": "bce07c17",
   "metadata": {},
   "outputs": [],
   "source": [
    "# importing data from folders\n",
    "dataset=pd.read_csv(r\"day.csv\")"
   ]
  },
  {
   "cell_type": "markdown",
   "id": "cf7d5ce0",
   "metadata": {},
   "source": [
    "### Explotary Data Analysis"
   ]
  },
  {
   "cell_type": "code",
   "execution_count": 3,
   "id": "85161f67",
   "metadata": {},
   "outputs": [
    {
     "name": "stdout",
     "output_type": "stream",
     "text": [
      "<class 'pandas.core.frame.DataFrame'>\n",
      "RangeIndex: 730 entries, 0 to 729\n",
      "Data columns (total 16 columns):\n",
      " #   Column      Non-Null Count  Dtype  \n",
      "---  ------      --------------  -----  \n",
      " 0   instant     730 non-null    int64  \n",
      " 1   dteday      730 non-null    object \n",
      " 2   season      730 non-null    int64  \n",
      " 3   yr          730 non-null    int64  \n",
      " 4   mnth        730 non-null    int64  \n",
      " 5   holiday     730 non-null    int64  \n",
      " 6   weekday     730 non-null    int64  \n",
      " 7   workingday  730 non-null    int64  \n",
      " 8   weathersit  730 non-null    int64  \n",
      " 9   temp        730 non-null    float64\n",
      " 10  atemp       730 non-null    float64\n",
      " 11  hum         730 non-null    float64\n",
      " 12  windspeed   730 non-null    float64\n",
      " 13  casual      730 non-null    int64  \n",
      " 14  registered  730 non-null    int64  \n",
      " 15  cnt         730 non-null    int64  \n",
      "dtypes: float64(4), int64(11), object(1)\n",
      "memory usage: 91.4+ KB\n"
     ]
    }
   ],
   "source": [
    "# Checking for null counts\n",
    "dataset.info()"
   ]
  },
  {
   "cell_type": "code",
   "execution_count": 4,
   "id": "565e29ab",
   "metadata": {},
   "outputs": [
    {
     "data": {
      "text/html": [
       "<div>\n",
       "<style scoped>\n",
       "    .dataframe tbody tr th:only-of-type {\n",
       "        vertical-align: middle;\n",
       "    }\n",
       "\n",
       "    .dataframe tbody tr th {\n",
       "        vertical-align: top;\n",
       "    }\n",
       "\n",
       "    .dataframe thead th {\n",
       "        text-align: right;\n",
       "    }\n",
       "</style>\n",
       "<table border=\"1\" class=\"dataframe\">\n",
       "  <thead>\n",
       "    <tr style=\"text-align: right;\">\n",
       "      <th></th>\n",
       "      <th>instant</th>\n",
       "      <th>season</th>\n",
       "      <th>yr</th>\n",
       "      <th>mnth</th>\n",
       "      <th>holiday</th>\n",
       "      <th>weekday</th>\n",
       "      <th>workingday</th>\n",
       "      <th>weathersit</th>\n",
       "      <th>temp</th>\n",
       "      <th>atemp</th>\n",
       "      <th>hum</th>\n",
       "      <th>windspeed</th>\n",
       "      <th>casual</th>\n",
       "      <th>registered</th>\n",
       "      <th>cnt</th>\n",
       "    </tr>\n",
       "  </thead>\n",
       "  <tbody>\n",
       "    <tr>\n",
       "      <th>count</th>\n",
       "      <td>730.000000</td>\n",
       "      <td>730.000000</td>\n",
       "      <td>730.000000</td>\n",
       "      <td>730.000000</td>\n",
       "      <td>730.000000</td>\n",
       "      <td>730.000000</td>\n",
       "      <td>730.000000</td>\n",
       "      <td>730.000000</td>\n",
       "      <td>730.000000</td>\n",
       "      <td>730.000000</td>\n",
       "      <td>730.000000</td>\n",
       "      <td>730.000000</td>\n",
       "      <td>730.000000</td>\n",
       "      <td>730.000000</td>\n",
       "      <td>730.000000</td>\n",
       "    </tr>\n",
       "    <tr>\n",
       "      <th>mean</th>\n",
       "      <td>365.500000</td>\n",
       "      <td>2.498630</td>\n",
       "      <td>0.500000</td>\n",
       "      <td>6.526027</td>\n",
       "      <td>0.028767</td>\n",
       "      <td>2.995890</td>\n",
       "      <td>0.690411</td>\n",
       "      <td>1.394521</td>\n",
       "      <td>20.319259</td>\n",
       "      <td>23.726322</td>\n",
       "      <td>62.765175</td>\n",
       "      <td>12.763620</td>\n",
       "      <td>849.249315</td>\n",
       "      <td>3658.757534</td>\n",
       "      <td>4508.006849</td>\n",
       "    </tr>\n",
       "    <tr>\n",
       "      <th>std</th>\n",
       "      <td>210.877136</td>\n",
       "      <td>1.110184</td>\n",
       "      <td>0.500343</td>\n",
       "      <td>3.450215</td>\n",
       "      <td>0.167266</td>\n",
       "      <td>2.000339</td>\n",
       "      <td>0.462641</td>\n",
       "      <td>0.544807</td>\n",
       "      <td>7.506729</td>\n",
       "      <td>8.150308</td>\n",
       "      <td>14.237589</td>\n",
       "      <td>5.195841</td>\n",
       "      <td>686.479875</td>\n",
       "      <td>1559.758728</td>\n",
       "      <td>1936.011647</td>\n",
       "    </tr>\n",
       "    <tr>\n",
       "      <th>min</th>\n",
       "      <td>1.000000</td>\n",
       "      <td>1.000000</td>\n",
       "      <td>0.000000</td>\n",
       "      <td>1.000000</td>\n",
       "      <td>0.000000</td>\n",
       "      <td>0.000000</td>\n",
       "      <td>0.000000</td>\n",
       "      <td>1.000000</td>\n",
       "      <td>2.424346</td>\n",
       "      <td>3.953480</td>\n",
       "      <td>0.000000</td>\n",
       "      <td>1.500244</td>\n",
       "      <td>2.000000</td>\n",
       "      <td>20.000000</td>\n",
       "      <td>22.000000</td>\n",
       "    </tr>\n",
       "    <tr>\n",
       "      <th>25%</th>\n",
       "      <td>183.250000</td>\n",
       "      <td>2.000000</td>\n",
       "      <td>0.000000</td>\n",
       "      <td>4.000000</td>\n",
       "      <td>0.000000</td>\n",
       "      <td>1.000000</td>\n",
       "      <td>0.000000</td>\n",
       "      <td>1.000000</td>\n",
       "      <td>13.811885</td>\n",
       "      <td>16.889713</td>\n",
       "      <td>52.000000</td>\n",
       "      <td>9.041650</td>\n",
       "      <td>316.250000</td>\n",
       "      <td>2502.250000</td>\n",
       "      <td>3169.750000</td>\n",
       "    </tr>\n",
       "    <tr>\n",
       "      <th>50%</th>\n",
       "      <td>365.500000</td>\n",
       "      <td>3.000000</td>\n",
       "      <td>0.500000</td>\n",
       "      <td>7.000000</td>\n",
       "      <td>0.000000</td>\n",
       "      <td>3.000000</td>\n",
       "      <td>1.000000</td>\n",
       "      <td>1.000000</td>\n",
       "      <td>20.465826</td>\n",
       "      <td>24.368225</td>\n",
       "      <td>62.625000</td>\n",
       "      <td>12.125325</td>\n",
       "      <td>717.000000</td>\n",
       "      <td>3664.500000</td>\n",
       "      <td>4548.500000</td>\n",
       "    </tr>\n",
       "    <tr>\n",
       "      <th>75%</th>\n",
       "      <td>547.750000</td>\n",
       "      <td>3.000000</td>\n",
       "      <td>1.000000</td>\n",
       "      <td>10.000000</td>\n",
       "      <td>0.000000</td>\n",
       "      <td>5.000000</td>\n",
       "      <td>1.000000</td>\n",
       "      <td>2.000000</td>\n",
       "      <td>26.880615</td>\n",
       "      <td>30.445775</td>\n",
       "      <td>72.989575</td>\n",
       "      <td>15.625589</td>\n",
       "      <td>1096.500000</td>\n",
       "      <td>4783.250000</td>\n",
       "      <td>5966.000000</td>\n",
       "    </tr>\n",
       "    <tr>\n",
       "      <th>max</th>\n",
       "      <td>730.000000</td>\n",
       "      <td>4.000000</td>\n",
       "      <td>1.000000</td>\n",
       "      <td>12.000000</td>\n",
       "      <td>1.000000</td>\n",
       "      <td>6.000000</td>\n",
       "      <td>1.000000</td>\n",
       "      <td>3.000000</td>\n",
       "      <td>35.328347</td>\n",
       "      <td>42.044800</td>\n",
       "      <td>97.250000</td>\n",
       "      <td>34.000021</td>\n",
       "      <td>3410.000000</td>\n",
       "      <td>6946.000000</td>\n",
       "      <td>8714.000000</td>\n",
       "    </tr>\n",
       "  </tbody>\n",
       "</table>\n",
       "</div>"
      ],
      "text/plain": [
       "          instant      season          yr        mnth     holiday     weekday  \\\n",
       "count  730.000000  730.000000  730.000000  730.000000  730.000000  730.000000   \n",
       "mean   365.500000    2.498630    0.500000    6.526027    0.028767    2.995890   \n",
       "std    210.877136    1.110184    0.500343    3.450215    0.167266    2.000339   \n",
       "min      1.000000    1.000000    0.000000    1.000000    0.000000    0.000000   \n",
       "25%    183.250000    2.000000    0.000000    4.000000    0.000000    1.000000   \n",
       "50%    365.500000    3.000000    0.500000    7.000000    0.000000    3.000000   \n",
       "75%    547.750000    3.000000    1.000000   10.000000    0.000000    5.000000   \n",
       "max    730.000000    4.000000    1.000000   12.000000    1.000000    6.000000   \n",
       "\n",
       "       workingday  weathersit        temp       atemp         hum   windspeed  \\\n",
       "count  730.000000  730.000000  730.000000  730.000000  730.000000  730.000000   \n",
       "mean     0.690411    1.394521   20.319259   23.726322   62.765175   12.763620   \n",
       "std      0.462641    0.544807    7.506729    8.150308   14.237589    5.195841   \n",
       "min      0.000000    1.000000    2.424346    3.953480    0.000000    1.500244   \n",
       "25%      0.000000    1.000000   13.811885   16.889713   52.000000    9.041650   \n",
       "50%      1.000000    1.000000   20.465826   24.368225   62.625000   12.125325   \n",
       "75%      1.000000    2.000000   26.880615   30.445775   72.989575   15.625589   \n",
       "max      1.000000    3.000000   35.328347   42.044800   97.250000   34.000021   \n",
       "\n",
       "            casual   registered          cnt  \n",
       "count   730.000000   730.000000   730.000000  \n",
       "mean    849.249315  3658.757534  4508.006849  \n",
       "std     686.479875  1559.758728  1936.011647  \n",
       "min       2.000000    20.000000    22.000000  \n",
       "25%     316.250000  2502.250000  3169.750000  \n",
       "50%     717.000000  3664.500000  4548.500000  \n",
       "75%    1096.500000  4783.250000  5966.000000  \n",
       "max    3410.000000  6946.000000  8714.000000  "
      ]
     },
     "execution_count": 4,
     "metadata": {},
     "output_type": "execute_result"
    }
   ],
   "source": [
    "# Calculating Mean, Standard Deviation, Minimum Value, Maximum Value and Quartile\n",
    "dataset.describe()"
   ]
  },
  {
   "cell_type": "markdown",
   "id": "e799257f",
   "metadata": {},
   "source": [
    "# Finding the best variables"
   ]
  },
  {
   "cell_type": "code",
   "execution_count": 5,
   "id": "3ed8fb88",
   "metadata": {},
   "outputs": [
    {
     "data": {
      "text/html": [
       "<div>\n",
       "<style scoped>\n",
       "    .dataframe tbody tr th:only-of-type {\n",
       "        vertical-align: middle;\n",
       "    }\n",
       "\n",
       "    .dataframe tbody tr th {\n",
       "        vertical-align: top;\n",
       "    }\n",
       "\n",
       "    .dataframe thead th {\n",
       "        text-align: right;\n",
       "    }\n",
       "</style>\n",
       "<table border=\"1\" class=\"dataframe\">\n",
       "  <thead>\n",
       "    <tr style=\"text-align: right;\">\n",
       "      <th></th>\n",
       "      <th>instant</th>\n",
       "      <th>season</th>\n",
       "      <th>yr</th>\n",
       "      <th>mnth</th>\n",
       "      <th>holiday</th>\n",
       "      <th>weekday</th>\n",
       "      <th>workingday</th>\n",
       "      <th>weathersit</th>\n",
       "      <th>temp</th>\n",
       "      <th>atemp</th>\n",
       "      <th>hum</th>\n",
       "      <th>windspeed</th>\n",
       "      <th>casual</th>\n",
       "      <th>registered</th>\n",
       "      <th>cnt</th>\n",
       "    </tr>\n",
       "  </thead>\n",
       "  <tbody>\n",
       "    <tr>\n",
       "      <th>instant</th>\n",
       "      <td>1.000000</td>\n",
       "      <td>4.135867e-01</td>\n",
       "      <td>8.660262e-01</td>\n",
       "      <td>4.982507e-01</td>\n",
       "      <td>0.016275</td>\n",
       "      <td>-0.001182</td>\n",
       "      <td>-0.015171</td>\n",
       "      <td>-0.021862</td>\n",
       "      <td>0.150738</td>\n",
       "      <td>0.152773</td>\n",
       "      <td>0.016080</td>\n",
       "      <td>-0.112667</td>\n",
       "      <td>0.275604</td>\n",
       "      <td>0.660544</td>\n",
       "      <td>0.629896</td>\n",
       "    </tr>\n",
       "    <tr>\n",
       "      <th>season</th>\n",
       "      <td>0.413587</td>\n",
       "      <td>1.000000e+00</td>\n",
       "      <td>-3.279074e-16</td>\n",
       "      <td>8.310321e-01</td>\n",
       "      <td>-0.010868</td>\n",
       "      <td>0.004012</td>\n",
       "      <td>0.017868</td>\n",
       "      <td>0.021306</td>\n",
       "      <td>0.333361</td>\n",
       "      <td>0.342014</td>\n",
       "      <td>0.208220</td>\n",
       "      <td>-0.229607</td>\n",
       "      <td>0.208737</td>\n",
       "      <td>0.410310</td>\n",
       "      <td>0.404584</td>\n",
       "    </tr>\n",
       "    <tr>\n",
       "      <th>yr</th>\n",
       "      <td>0.866026</td>\n",
       "      <td>-3.279074e-16</td>\n",
       "      <td>1.000000e+00</td>\n",
       "      <td>-5.162656e-16</td>\n",
       "      <td>0.008195</td>\n",
       "      <td>0.000685</td>\n",
       "      <td>-0.011852</td>\n",
       "      <td>-0.050322</td>\n",
       "      <td>0.048789</td>\n",
       "      <td>0.047215</td>\n",
       "      <td>-0.112547</td>\n",
       "      <td>-0.011624</td>\n",
       "      <td>0.250502</td>\n",
       "      <td>0.596911</td>\n",
       "      <td>0.569728</td>\n",
       "    </tr>\n",
       "    <tr>\n",
       "      <th>mnth</th>\n",
       "      <td>0.498251</td>\n",
       "      <td>8.310321e-01</td>\n",
       "      <td>-5.162656e-16</td>\n",
       "      <td>1.000000e+00</td>\n",
       "      <td>0.018905</td>\n",
       "      <td>-0.004059</td>\n",
       "      <td>-0.010414</td>\n",
       "      <td>0.045613</td>\n",
       "      <td>0.219083</td>\n",
       "      <td>0.226430</td>\n",
       "      <td>0.224937</td>\n",
       "      <td>-0.208013</td>\n",
       "      <td>0.121208</td>\n",
       "      <td>0.291952</td>\n",
       "      <td>0.278191</td>\n",
       "    </tr>\n",
       "    <tr>\n",
       "      <th>holiday</th>\n",
       "      <td>0.016275</td>\n",
       "      <td>-1.086804e-02</td>\n",
       "      <td>8.195345e-03</td>\n",
       "      <td>1.890483e-02</td>\n",
       "      <td>1.000000</td>\n",
       "      <td>-0.020145</td>\n",
       "      <td>-0.257009</td>\n",
       "      <td>-0.034395</td>\n",
       "      <td>-0.028764</td>\n",
       "      <td>-0.032703</td>\n",
       "      <td>-0.015662</td>\n",
       "      <td>0.006257</td>\n",
       "      <td>0.054055</td>\n",
       "      <td>-0.109142</td>\n",
       "      <td>-0.068764</td>\n",
       "    </tr>\n",
       "    <tr>\n",
       "      <th>weekday</th>\n",
       "      <td>-0.001182</td>\n",
       "      <td>4.012478e-03</td>\n",
       "      <td>6.852851e-04</td>\n",
       "      <td>-4.059002e-03</td>\n",
       "      <td>-0.020145</td>\n",
       "      <td>1.000000</td>\n",
       "      <td>0.001588</td>\n",
       "      <td>0.034216</td>\n",
       "      <td>0.044876</td>\n",
       "      <td>0.037964</td>\n",
       "      <td>0.008780</td>\n",
       "      <td>-0.017230</td>\n",
       "      <td>-0.350848</td>\n",
       "      <td>0.199326</td>\n",
       "      <td>0.036183</td>\n",
       "    </tr>\n",
       "    <tr>\n",
       "      <th>workingday</th>\n",
       "      <td>-0.015171</td>\n",
       "      <td>1.786841e-02</td>\n",
       "      <td>-1.185197e-02</td>\n",
       "      <td>-1.041372e-02</td>\n",
       "      <td>-0.257009</td>\n",
       "      <td>0.001588</td>\n",
       "      <td>1.000000</td>\n",
       "      <td>-0.026332</td>\n",
       "      <td>0.002044</td>\n",
       "      <td>0.010657</td>\n",
       "      <td>0.053770</td>\n",
       "      <td>-0.002453</td>\n",
       "      <td>-0.090369</td>\n",
       "      <td>0.005466</td>\n",
       "      <td>-0.027640</td>\n",
       "    </tr>\n",
       "    <tr>\n",
       "      <th>weathersit</th>\n",
       "      <td>-0.021862</td>\n",
       "      <td>2.130636e-02</td>\n",
       "      <td>-5.032247e-02</td>\n",
       "      <td>4.561335e-02</td>\n",
       "      <td>-0.034395</td>\n",
       "      <td>0.034216</td>\n",
       "      <td>-0.026332</td>\n",
       "      <td>1.000000</td>\n",
       "      <td>-0.119503</td>\n",
       "      <td>-0.120559</td>\n",
       "      <td>0.590277</td>\n",
       "      <td>0.039769</td>\n",
       "      <td>-0.246044</td>\n",
       "      <td>-0.259025</td>\n",
       "      <td>-0.295929</td>\n",
       "    </tr>\n",
       "    <tr>\n",
       "      <th>temp</th>\n",
       "      <td>0.150738</td>\n",
       "      <td>3.333607e-01</td>\n",
       "      <td>4.878919e-02</td>\n",
       "      <td>2.190833e-01</td>\n",
       "      <td>-0.028764</td>\n",
       "      <td>0.044876</td>\n",
       "      <td>0.002044</td>\n",
       "      <td>-0.119503</td>\n",
       "      <td>1.000000</td>\n",
       "      <td>0.991696</td>\n",
       "      <td>0.128565</td>\n",
       "      <td>-0.158186</td>\n",
       "      <td>0.542731</td>\n",
       "      <td>0.539436</td>\n",
       "      <td>0.627044</td>\n",
       "    </tr>\n",
       "    <tr>\n",
       "      <th>atemp</th>\n",
       "      <td>0.152773</td>\n",
       "      <td>3.420139e-01</td>\n",
       "      <td>4.721519e-02</td>\n",
       "      <td>2.264302e-01</td>\n",
       "      <td>-0.032703</td>\n",
       "      <td>0.037964</td>\n",
       "      <td>0.010657</td>\n",
       "      <td>-0.120559</td>\n",
       "      <td>0.991696</td>\n",
       "      <td>1.000000</td>\n",
       "      <td>0.141512</td>\n",
       "      <td>-0.183876</td>\n",
       "      <td>0.543362</td>\n",
       "      <td>0.543678</td>\n",
       "      <td>0.630685</td>\n",
       "    </tr>\n",
       "    <tr>\n",
       "      <th>hum</th>\n",
       "      <td>0.016080</td>\n",
       "      <td>2.082196e-01</td>\n",
       "      <td>-1.125471e-01</td>\n",
       "      <td>2.249368e-01</td>\n",
       "      <td>-0.015662</td>\n",
       "      <td>0.008780</td>\n",
       "      <td>0.053770</td>\n",
       "      <td>0.590277</td>\n",
       "      <td>0.128565</td>\n",
       "      <td>0.141512</td>\n",
       "      <td>1.000000</td>\n",
       "      <td>-0.248506</td>\n",
       "      <td>-0.075211</td>\n",
       "      <td>-0.089212</td>\n",
       "      <td>-0.098543</td>\n",
       "    </tr>\n",
       "    <tr>\n",
       "      <th>windspeed</th>\n",
       "      <td>-0.112667</td>\n",
       "      <td>-2.296069e-01</td>\n",
       "      <td>-1.162435e-02</td>\n",
       "      <td>-2.080131e-01</td>\n",
       "      <td>0.006257</td>\n",
       "      <td>-0.017230</td>\n",
       "      <td>-0.002453</td>\n",
       "      <td>0.039769</td>\n",
       "      <td>-0.158186</td>\n",
       "      <td>-0.183876</td>\n",
       "      <td>-0.248506</td>\n",
       "      <td>1.000000</td>\n",
       "      <td>-0.167995</td>\n",
       "      <td>-0.217914</td>\n",
       "      <td>-0.235132</td>\n",
       "    </tr>\n",
       "    <tr>\n",
       "      <th>casual</th>\n",
       "      <td>0.275604</td>\n",
       "      <td>2.087373e-01</td>\n",
       "      <td>2.505017e-01</td>\n",
       "      <td>1.212079e-01</td>\n",
       "      <td>0.054055</td>\n",
       "      <td>-0.350848</td>\n",
       "      <td>-0.090369</td>\n",
       "      <td>-0.246044</td>\n",
       "      <td>0.542731</td>\n",
       "      <td>0.543362</td>\n",
       "      <td>-0.075211</td>\n",
       "      <td>-0.167995</td>\n",
       "      <td>1.000000</td>\n",
       "      <td>0.394137</td>\n",
       "      <td>0.672123</td>\n",
       "    </tr>\n",
       "    <tr>\n",
       "      <th>registered</th>\n",
       "      <td>0.660544</td>\n",
       "      <td>4.103102e-01</td>\n",
       "      <td>5.969106e-01</td>\n",
       "      <td>2.919516e-01</td>\n",
       "      <td>-0.109142</td>\n",
       "      <td>0.199326</td>\n",
       "      <td>0.005466</td>\n",
       "      <td>-0.259025</td>\n",
       "      <td>0.539436</td>\n",
       "      <td>0.543678</td>\n",
       "      <td>-0.089212</td>\n",
       "      <td>-0.217914</td>\n",
       "      <td>0.394137</td>\n",
       "      <td>1.000000</td>\n",
       "      <td>0.945411</td>\n",
       "    </tr>\n",
       "    <tr>\n",
       "      <th>cnt</th>\n",
       "      <td>0.629896</td>\n",
       "      <td>4.045838e-01</td>\n",
       "      <td>5.697285e-01</td>\n",
       "      <td>2.781909e-01</td>\n",
       "      <td>-0.068764</td>\n",
       "      <td>0.036183</td>\n",
       "      <td>-0.027640</td>\n",
       "      <td>-0.295929</td>\n",
       "      <td>0.627044</td>\n",
       "      <td>0.630685</td>\n",
       "      <td>-0.098543</td>\n",
       "      <td>-0.235132</td>\n",
       "      <td>0.672123</td>\n",
       "      <td>0.945411</td>\n",
       "      <td>1.000000</td>\n",
       "    </tr>\n",
       "  </tbody>\n",
       "</table>\n",
       "</div>"
      ],
      "text/plain": [
       "             instant        season            yr          mnth   holiday  \\\n",
       "instant     1.000000  4.135867e-01  8.660262e-01  4.982507e-01  0.016275   \n",
       "season      0.413587  1.000000e+00 -3.279074e-16  8.310321e-01 -0.010868   \n",
       "yr          0.866026 -3.279074e-16  1.000000e+00 -5.162656e-16  0.008195   \n",
       "mnth        0.498251  8.310321e-01 -5.162656e-16  1.000000e+00  0.018905   \n",
       "holiday     0.016275 -1.086804e-02  8.195345e-03  1.890483e-02  1.000000   \n",
       "weekday    -0.001182  4.012478e-03  6.852851e-04 -4.059002e-03 -0.020145   \n",
       "workingday -0.015171  1.786841e-02 -1.185197e-02 -1.041372e-02 -0.257009   \n",
       "weathersit -0.021862  2.130636e-02 -5.032247e-02  4.561335e-02 -0.034395   \n",
       "temp        0.150738  3.333607e-01  4.878919e-02  2.190833e-01 -0.028764   \n",
       "atemp       0.152773  3.420139e-01  4.721519e-02  2.264302e-01 -0.032703   \n",
       "hum         0.016080  2.082196e-01 -1.125471e-01  2.249368e-01 -0.015662   \n",
       "windspeed  -0.112667 -2.296069e-01 -1.162435e-02 -2.080131e-01  0.006257   \n",
       "casual      0.275604  2.087373e-01  2.505017e-01  1.212079e-01  0.054055   \n",
       "registered  0.660544  4.103102e-01  5.969106e-01  2.919516e-01 -0.109142   \n",
       "cnt         0.629896  4.045838e-01  5.697285e-01  2.781909e-01 -0.068764   \n",
       "\n",
       "             weekday  workingday  weathersit      temp     atemp       hum  \\\n",
       "instant    -0.001182   -0.015171   -0.021862  0.150738  0.152773  0.016080   \n",
       "season      0.004012    0.017868    0.021306  0.333361  0.342014  0.208220   \n",
       "yr          0.000685   -0.011852   -0.050322  0.048789  0.047215 -0.112547   \n",
       "mnth       -0.004059   -0.010414    0.045613  0.219083  0.226430  0.224937   \n",
       "holiday    -0.020145   -0.257009   -0.034395 -0.028764 -0.032703 -0.015662   \n",
       "weekday     1.000000    0.001588    0.034216  0.044876  0.037964  0.008780   \n",
       "workingday  0.001588    1.000000   -0.026332  0.002044  0.010657  0.053770   \n",
       "weathersit  0.034216   -0.026332    1.000000 -0.119503 -0.120559  0.590277   \n",
       "temp        0.044876    0.002044   -0.119503  1.000000  0.991696  0.128565   \n",
       "atemp       0.037964    0.010657   -0.120559  0.991696  1.000000  0.141512   \n",
       "hum         0.008780    0.053770    0.590277  0.128565  0.141512  1.000000   \n",
       "windspeed  -0.017230   -0.002453    0.039769 -0.158186 -0.183876 -0.248506   \n",
       "casual     -0.350848   -0.090369   -0.246044  0.542731  0.543362 -0.075211   \n",
       "registered  0.199326    0.005466   -0.259025  0.539436  0.543678 -0.089212   \n",
       "cnt         0.036183   -0.027640   -0.295929  0.627044  0.630685 -0.098543   \n",
       "\n",
       "            windspeed    casual  registered       cnt  \n",
       "instant     -0.112667  0.275604    0.660544  0.629896  \n",
       "season      -0.229607  0.208737    0.410310  0.404584  \n",
       "yr          -0.011624  0.250502    0.596911  0.569728  \n",
       "mnth        -0.208013  0.121208    0.291952  0.278191  \n",
       "holiday      0.006257  0.054055   -0.109142 -0.068764  \n",
       "weekday     -0.017230 -0.350848    0.199326  0.036183  \n",
       "workingday  -0.002453 -0.090369    0.005466 -0.027640  \n",
       "weathersit   0.039769 -0.246044   -0.259025 -0.295929  \n",
       "temp        -0.158186  0.542731    0.539436  0.627044  \n",
       "atemp       -0.183876  0.543362    0.543678  0.630685  \n",
       "hum         -0.248506 -0.075211   -0.089212 -0.098543  \n",
       "windspeed    1.000000 -0.167995   -0.217914 -0.235132  \n",
       "casual      -0.167995  1.000000    0.394137  0.672123  \n",
       "registered  -0.217914  0.394137    1.000000  0.945411  \n",
       "cnt         -0.235132  0.672123    0.945411  1.000000  "
      ]
     },
     "execution_count": 5,
     "metadata": {},
     "output_type": "execute_result"
    }
   ],
   "source": [
    "# Calculating correlation by using Pearson Method \n",
    "dataset.corr(method ='pearson')"
   ]
  },
  {
   "cell_type": "code",
   "execution_count": 6,
   "id": "df196a03",
   "metadata": {},
   "outputs": [
    {
     "data": {
      "text/html": [
       "<div>\n",
       "<style scoped>\n",
       "    .dataframe tbody tr th:only-of-type {\n",
       "        vertical-align: middle;\n",
       "    }\n",
       "\n",
       "    .dataframe tbody tr th {\n",
       "        vertical-align: top;\n",
       "    }\n",
       "\n",
       "    .dataframe thead th {\n",
       "        text-align: right;\n",
       "    }\n",
       "</style>\n",
       "<table border=\"1\" class=\"dataframe\">\n",
       "  <thead>\n",
       "    <tr style=\"text-align: right;\">\n",
       "      <th></th>\n",
       "      <th>instant</th>\n",
       "      <th>season</th>\n",
       "      <th>yr</th>\n",
       "      <th>mnth</th>\n",
       "      <th>holiday</th>\n",
       "      <th>weekday</th>\n",
       "      <th>workingday</th>\n",
       "      <th>weathersit</th>\n",
       "      <th>temp</th>\n",
       "      <th>atemp</th>\n",
       "      <th>hum</th>\n",
       "      <th>windspeed</th>\n",
       "      <th>casual</th>\n",
       "      <th>registered</th>\n",
       "      <th>cnt</th>\n",
       "    </tr>\n",
       "  </thead>\n",
       "  <tbody>\n",
       "    <tr>\n",
       "      <th>instant</th>\n",
       "      <td>1.000000</td>\n",
       "      <td>4.135867e-01</td>\n",
       "      <td>8.660262e-01</td>\n",
       "      <td>4.982507e-01</td>\n",
       "      <td>0.016275</td>\n",
       "      <td>0.001182</td>\n",
       "      <td>0.015171</td>\n",
       "      <td>0.021862</td>\n",
       "      <td>0.150738</td>\n",
       "      <td>0.152773</td>\n",
       "      <td>0.016080</td>\n",
       "      <td>0.112667</td>\n",
       "      <td>0.275604</td>\n",
       "      <td>0.660544</td>\n",
       "      <td>0.629896</td>\n",
       "    </tr>\n",
       "    <tr>\n",
       "      <th>season</th>\n",
       "      <td>0.413587</td>\n",
       "      <td>1.000000e+00</td>\n",
       "      <td>3.279074e-16</td>\n",
       "      <td>8.310321e-01</td>\n",
       "      <td>0.010868</td>\n",
       "      <td>0.004012</td>\n",
       "      <td>0.017868</td>\n",
       "      <td>0.021306</td>\n",
       "      <td>0.333361</td>\n",
       "      <td>0.342014</td>\n",
       "      <td>0.208220</td>\n",
       "      <td>0.229607</td>\n",
       "      <td>0.208737</td>\n",
       "      <td>0.410310</td>\n",
       "      <td>0.404584</td>\n",
       "    </tr>\n",
       "    <tr>\n",
       "      <th>yr</th>\n",
       "      <td>0.866026</td>\n",
       "      <td>3.279074e-16</td>\n",
       "      <td>1.000000e+00</td>\n",
       "      <td>5.162656e-16</td>\n",
       "      <td>0.008195</td>\n",
       "      <td>0.000685</td>\n",
       "      <td>0.011852</td>\n",
       "      <td>0.050322</td>\n",
       "      <td>0.048789</td>\n",
       "      <td>0.047215</td>\n",
       "      <td>0.112547</td>\n",
       "      <td>0.011624</td>\n",
       "      <td>0.250502</td>\n",
       "      <td>0.596911</td>\n",
       "      <td>0.569728</td>\n",
       "    </tr>\n",
       "    <tr>\n",
       "      <th>mnth</th>\n",
       "      <td>0.498251</td>\n",
       "      <td>8.310321e-01</td>\n",
       "      <td>5.162656e-16</td>\n",
       "      <td>1.000000e+00</td>\n",
       "      <td>0.018905</td>\n",
       "      <td>0.004059</td>\n",
       "      <td>0.010414</td>\n",
       "      <td>0.045613</td>\n",
       "      <td>0.219083</td>\n",
       "      <td>0.226430</td>\n",
       "      <td>0.224937</td>\n",
       "      <td>0.208013</td>\n",
       "      <td>0.121208</td>\n",
       "      <td>0.291952</td>\n",
       "      <td>0.278191</td>\n",
       "    </tr>\n",
       "    <tr>\n",
       "      <th>holiday</th>\n",
       "      <td>0.016275</td>\n",
       "      <td>1.086804e-02</td>\n",
       "      <td>8.195345e-03</td>\n",
       "      <td>1.890483e-02</td>\n",
       "      <td>1.000000</td>\n",
       "      <td>0.020145</td>\n",
       "      <td>0.257009</td>\n",
       "      <td>0.034395</td>\n",
       "      <td>0.028764</td>\n",
       "      <td>0.032703</td>\n",
       "      <td>0.015662</td>\n",
       "      <td>0.006257</td>\n",
       "      <td>0.054055</td>\n",
       "      <td>0.109142</td>\n",
       "      <td>0.068764</td>\n",
       "    </tr>\n",
       "    <tr>\n",
       "      <th>weekday</th>\n",
       "      <td>0.001182</td>\n",
       "      <td>4.012478e-03</td>\n",
       "      <td>6.852851e-04</td>\n",
       "      <td>4.059002e-03</td>\n",
       "      <td>0.020145</td>\n",
       "      <td>1.000000</td>\n",
       "      <td>0.001588</td>\n",
       "      <td>0.034216</td>\n",
       "      <td>0.044876</td>\n",
       "      <td>0.037964</td>\n",
       "      <td>0.008780</td>\n",
       "      <td>0.017230</td>\n",
       "      <td>0.350848</td>\n",
       "      <td>0.199326</td>\n",
       "      <td>0.036183</td>\n",
       "    </tr>\n",
       "    <tr>\n",
       "      <th>workingday</th>\n",
       "      <td>0.015171</td>\n",
       "      <td>1.786841e-02</td>\n",
       "      <td>1.185197e-02</td>\n",
       "      <td>1.041372e-02</td>\n",
       "      <td>0.257009</td>\n",
       "      <td>0.001588</td>\n",
       "      <td>1.000000</td>\n",
       "      <td>0.026332</td>\n",
       "      <td>0.002044</td>\n",
       "      <td>0.010657</td>\n",
       "      <td>0.053770</td>\n",
       "      <td>0.002453</td>\n",
       "      <td>0.090369</td>\n",
       "      <td>0.005466</td>\n",
       "      <td>0.027640</td>\n",
       "    </tr>\n",
       "    <tr>\n",
       "      <th>weathersit</th>\n",
       "      <td>0.021862</td>\n",
       "      <td>2.130636e-02</td>\n",
       "      <td>5.032247e-02</td>\n",
       "      <td>4.561335e-02</td>\n",
       "      <td>0.034395</td>\n",
       "      <td>0.034216</td>\n",
       "      <td>0.026332</td>\n",
       "      <td>1.000000</td>\n",
       "      <td>0.119503</td>\n",
       "      <td>0.120559</td>\n",
       "      <td>0.590277</td>\n",
       "      <td>0.039769</td>\n",
       "      <td>0.246044</td>\n",
       "      <td>0.259025</td>\n",
       "      <td>0.295929</td>\n",
       "    </tr>\n",
       "    <tr>\n",
       "      <th>temp</th>\n",
       "      <td>0.150738</td>\n",
       "      <td>3.333607e-01</td>\n",
       "      <td>4.878919e-02</td>\n",
       "      <td>2.190833e-01</td>\n",
       "      <td>0.028764</td>\n",
       "      <td>0.044876</td>\n",
       "      <td>0.002044</td>\n",
       "      <td>0.119503</td>\n",
       "      <td>1.000000</td>\n",
       "      <td>0.991696</td>\n",
       "      <td>0.128565</td>\n",
       "      <td>0.158186</td>\n",
       "      <td>0.542731</td>\n",
       "      <td>0.539436</td>\n",
       "      <td>0.627044</td>\n",
       "    </tr>\n",
       "    <tr>\n",
       "      <th>atemp</th>\n",
       "      <td>0.152773</td>\n",
       "      <td>3.420139e-01</td>\n",
       "      <td>4.721519e-02</td>\n",
       "      <td>2.264302e-01</td>\n",
       "      <td>0.032703</td>\n",
       "      <td>0.037964</td>\n",
       "      <td>0.010657</td>\n",
       "      <td>0.120559</td>\n",
       "      <td>0.991696</td>\n",
       "      <td>1.000000</td>\n",
       "      <td>0.141512</td>\n",
       "      <td>0.183876</td>\n",
       "      <td>0.543362</td>\n",
       "      <td>0.543678</td>\n",
       "      <td>0.630685</td>\n",
       "    </tr>\n",
       "    <tr>\n",
       "      <th>hum</th>\n",
       "      <td>0.016080</td>\n",
       "      <td>2.082196e-01</td>\n",
       "      <td>1.125471e-01</td>\n",
       "      <td>2.249368e-01</td>\n",
       "      <td>0.015662</td>\n",
       "      <td>0.008780</td>\n",
       "      <td>0.053770</td>\n",
       "      <td>0.590277</td>\n",
       "      <td>0.128565</td>\n",
       "      <td>0.141512</td>\n",
       "      <td>1.000000</td>\n",
       "      <td>0.248506</td>\n",
       "      <td>0.075211</td>\n",
       "      <td>0.089212</td>\n",
       "      <td>0.098543</td>\n",
       "    </tr>\n",
       "    <tr>\n",
       "      <th>windspeed</th>\n",
       "      <td>0.112667</td>\n",
       "      <td>2.296069e-01</td>\n",
       "      <td>1.162435e-02</td>\n",
       "      <td>2.080131e-01</td>\n",
       "      <td>0.006257</td>\n",
       "      <td>0.017230</td>\n",
       "      <td>0.002453</td>\n",
       "      <td>0.039769</td>\n",
       "      <td>0.158186</td>\n",
       "      <td>0.183876</td>\n",
       "      <td>0.248506</td>\n",
       "      <td>1.000000</td>\n",
       "      <td>0.167995</td>\n",
       "      <td>0.217914</td>\n",
       "      <td>0.235132</td>\n",
       "    </tr>\n",
       "    <tr>\n",
       "      <th>casual</th>\n",
       "      <td>0.275604</td>\n",
       "      <td>2.087373e-01</td>\n",
       "      <td>2.505017e-01</td>\n",
       "      <td>1.212079e-01</td>\n",
       "      <td>0.054055</td>\n",
       "      <td>0.350848</td>\n",
       "      <td>0.090369</td>\n",
       "      <td>0.246044</td>\n",
       "      <td>0.542731</td>\n",
       "      <td>0.543362</td>\n",
       "      <td>0.075211</td>\n",
       "      <td>0.167995</td>\n",
       "      <td>1.000000</td>\n",
       "      <td>0.394137</td>\n",
       "      <td>0.672123</td>\n",
       "    </tr>\n",
       "    <tr>\n",
       "      <th>registered</th>\n",
       "      <td>0.660544</td>\n",
       "      <td>4.103102e-01</td>\n",
       "      <td>5.969106e-01</td>\n",
       "      <td>2.919516e-01</td>\n",
       "      <td>0.109142</td>\n",
       "      <td>0.199326</td>\n",
       "      <td>0.005466</td>\n",
       "      <td>0.259025</td>\n",
       "      <td>0.539436</td>\n",
       "      <td>0.543678</td>\n",
       "      <td>0.089212</td>\n",
       "      <td>0.217914</td>\n",
       "      <td>0.394137</td>\n",
       "      <td>1.000000</td>\n",
       "      <td>0.945411</td>\n",
       "    </tr>\n",
       "    <tr>\n",
       "      <th>cnt</th>\n",
       "      <td>0.629896</td>\n",
       "      <td>4.045838e-01</td>\n",
       "      <td>5.697285e-01</td>\n",
       "      <td>2.781909e-01</td>\n",
       "      <td>0.068764</td>\n",
       "      <td>0.036183</td>\n",
       "      <td>0.027640</td>\n",
       "      <td>0.295929</td>\n",
       "      <td>0.627044</td>\n",
       "      <td>0.630685</td>\n",
       "      <td>0.098543</td>\n",
       "      <td>0.235132</td>\n",
       "      <td>0.672123</td>\n",
       "      <td>0.945411</td>\n",
       "      <td>1.000000</td>\n",
       "    </tr>\n",
       "  </tbody>\n",
       "</table>\n",
       "</div>"
      ],
      "text/plain": [
       "             instant        season            yr          mnth   holiday  \\\n",
       "instant     1.000000  4.135867e-01  8.660262e-01  4.982507e-01  0.016275   \n",
       "season      0.413587  1.000000e+00  3.279074e-16  8.310321e-01  0.010868   \n",
       "yr          0.866026  3.279074e-16  1.000000e+00  5.162656e-16  0.008195   \n",
       "mnth        0.498251  8.310321e-01  5.162656e-16  1.000000e+00  0.018905   \n",
       "holiday     0.016275  1.086804e-02  8.195345e-03  1.890483e-02  1.000000   \n",
       "weekday     0.001182  4.012478e-03  6.852851e-04  4.059002e-03  0.020145   \n",
       "workingday  0.015171  1.786841e-02  1.185197e-02  1.041372e-02  0.257009   \n",
       "weathersit  0.021862  2.130636e-02  5.032247e-02  4.561335e-02  0.034395   \n",
       "temp        0.150738  3.333607e-01  4.878919e-02  2.190833e-01  0.028764   \n",
       "atemp       0.152773  3.420139e-01  4.721519e-02  2.264302e-01  0.032703   \n",
       "hum         0.016080  2.082196e-01  1.125471e-01  2.249368e-01  0.015662   \n",
       "windspeed   0.112667  2.296069e-01  1.162435e-02  2.080131e-01  0.006257   \n",
       "casual      0.275604  2.087373e-01  2.505017e-01  1.212079e-01  0.054055   \n",
       "registered  0.660544  4.103102e-01  5.969106e-01  2.919516e-01  0.109142   \n",
       "cnt         0.629896  4.045838e-01  5.697285e-01  2.781909e-01  0.068764   \n",
       "\n",
       "             weekday  workingday  weathersit      temp     atemp       hum  \\\n",
       "instant     0.001182    0.015171    0.021862  0.150738  0.152773  0.016080   \n",
       "season      0.004012    0.017868    0.021306  0.333361  0.342014  0.208220   \n",
       "yr          0.000685    0.011852    0.050322  0.048789  0.047215  0.112547   \n",
       "mnth        0.004059    0.010414    0.045613  0.219083  0.226430  0.224937   \n",
       "holiday     0.020145    0.257009    0.034395  0.028764  0.032703  0.015662   \n",
       "weekday     1.000000    0.001588    0.034216  0.044876  0.037964  0.008780   \n",
       "workingday  0.001588    1.000000    0.026332  0.002044  0.010657  0.053770   \n",
       "weathersit  0.034216    0.026332    1.000000  0.119503  0.120559  0.590277   \n",
       "temp        0.044876    0.002044    0.119503  1.000000  0.991696  0.128565   \n",
       "atemp       0.037964    0.010657    0.120559  0.991696  1.000000  0.141512   \n",
       "hum         0.008780    0.053770    0.590277  0.128565  0.141512  1.000000   \n",
       "windspeed   0.017230    0.002453    0.039769  0.158186  0.183876  0.248506   \n",
       "casual      0.350848    0.090369    0.246044  0.542731  0.543362  0.075211   \n",
       "registered  0.199326    0.005466    0.259025  0.539436  0.543678  0.089212   \n",
